name=Sindusk
x=-0.76161265
y=8.041935
