name=Sindusk
x=2.1394403
y=1.3976967
